122 5 2 
10 10 10 10 10 580 596 

0 0 0 0 0 0 0 0 0 0
1 5 1 37 13 49 25 
5 1 13 25 37 49

0 0 0 0 0 0 8 0 10 0
4 1 6 1 3 1 4 1 2 
4 2 3 4 6

4 1 0 0 0 0 23 0 8 0
5 1 5 1 11 1 8 1 9 1 10 
5 11 10 9 8 5

3 2 0 0 0 0 18 0 11 0
3 1 5 1 10 1 9 
3 10 9 5

7 6 0 0 0 0 0 8 5 0
2 1 8 1 7 
2 8 7

3 1 0 0 0 0 0 0 0 6
1 1 7 
1 7

2 2 0 0 0 0 0 0 10 0
2 1 58 1 8 
2 8 58

4 2 0 0 0 0 0 16 0 10
1 1 12 
1 12

8 3 0 0 0 0 0 0 0 13
1 1 12 
1 12

1 1 0 0 0 0 0 9 0 0
1 1 12 
1 12

4 2 0 0 0 0 0 0 0 0
1 1 12 
1 12

7 5 0 0 0 0 0 7 0 0
1 1 12 
1 12

0 0 0 0 0 0 0 9 0 15
1 1 61 
1 61

0 0 0 0 0 0 6 0 7 0
6 1 17 1 16 1 19 1 15 1 18 1 14 
6 14 15 16 17 18 19

2 0 0 0 1 0 16 6 13 7
2 1 23 1 20 
2 23 20

1 0 0 0 3 0 0 0 5 0
2 1 20 1 23 
2 23 20

2 0 0 0 3 0 0 0 0 0
2 1 20 1 21 
2 21 20

7 0 0 0 3 0 0 0 5 0
2 1 23 1 22 
2 23 22

10 0 0 0 5 0 6 0 0 0
1 1 21 
1 21

9 0 0 0 2 0 9 0 9 0
1 1 20 
1 20

6 0 0 0 2 0 0 8 0 9
1 1 22 
1 22

10 0 0 0 2 0 0 0 0 0
1 1 22 
1 22

3 0 0 0 3 0 0 17 0 0
1 1 24 
1 24

2 0 0 0 1 0 5 0 0 7
1 1 24 
1 24

0 0 0 0 0 0 0 11 0 16
1 1 61 
1 61

0 0 0 0 0 0 0 0 15 0
4 1 26 1 35 1 29 1 28 
4 26 28 29 35

8 0 0 1 0 0 11 0 18 0
4 1 30 1 34 1 31 1 27 
4 34 31 30 27

7 0 0 4 0 0 0 0 0 0
2 1 33 1 32 
2 33 32

4 0 0 3 0 0 7 0 0 0
2 1 31 1 30 
2 31 30

2 0 0 2 0 0 8 0 0 7
1 1 30 
1 30

8 0 0 5 0 0 0 0 0 8
1 1 36 
1 36

6 0 0 2 0 0 0 0 0 0
1 1 36 
1 36

9 0 0 1 0 0 0 0 0 0
1 1 36 
1 36

2 0 0 2 0 0 0 6 0 10
1 1 36 
1 36

4 0 0 2 0 0 0 5 0 0
1 1 36 
1 36

4 0 0 3 0 0 0 0 0 0
1 1 36 
1 36

0 0 0 0 0 0 0 15 0 8
1 1 61 
1 61

0 0 0 0 0 0 20 0 16 0
7 1 41 1 38 1 47 1 40 1 46 1 42 1 39 
7 38 39 40 41 42 46 47

1 0 0 0 0 1 10 6 8 0
2 1 45 1 43 
2 45 43

10 0 0 0 0 2 14 6 0 0
2 1 45 1 44 
2 45 44

4 0 0 0 0 3 0 8 15 0
1 1 43 
1 43

2 0 0 0 0 2 0 0 0 8
1 1 43 
1 43

8 0 0 0 0 3 10 0 25 0
1 1 43 
1 43

8 0 0 0 0 6 8 0 0 15
1 1 44 
1 44

3 0 0 0 0 2 0 18 0 25
1 1 48 
1 48

7 0 0 0 0 4 0 16 10 0
1 1 48 
1 48

3 0 0 0 0 1 0 0 7 0
1 1 48 
1 48

9 0 0 0 0 1 0 0 0 0
1 1 48 
1 48

0 0 0 0 0 0 0 8 0 33
1 1 61 
1 61

0 0 0 0 0 0 22 0 14 0
4 1 53 1 51 1 50 1 54 
4 50 51 53 54

4 0 0 0 1 0 19 9 7 0
4 1 55 1 52 1 57 1 59 
4 59 57 55 52

1 0 0 0 4 0 7 6 18 0
3 1 57 1 56 1 55 
3 57 56 55

5 0 0 0 3 0 5 12 0 0
1 1 56 
1 56

9 0 0 0 3 0 0 0 0 0
1 1 58 
1 58

7 0 0 0 1 0 5 0 0 0
1 1 55 
1 55

4 0 0 0 2 0 0 14 0 13
1 1 60 
1 60

2 0 0 0 3 0 0 17 0 0
1 1 60 
1 60

6 0 0 0 2 0 0 0 0 26
1 1 60 
1 60

3 0 0 0 4 0 8 0 0 0
1 1 60 
1 60

9 0 0 0 2 0 0 0 0 0
1 1 60 
1 60

0 0 0 0 0 0 0 8 0 0
1 1 61 
1 61

0 0 0 0 0 0 58 0 48 0
1 2 74 62 
2 62 74

0 0 0 0 0 0 6 0 6 0
2 1 64 1 63 
2 63 64

5 0 0 1 0 0 13 0 27 0
3 1 67 1 66 1 65 
3 67 66 65

8 0 0 3 0 0 10 0 8 0
3 1 66 1 67 1 65 
3 67 66 65

1 0 0 3 0 0 14 10 7 0
5 1 68 1 71 1 72 1 70 1 69 
5 72 71 70 69 68

5 0 0 3 0 0 0 0 21 7
5 1 71 1 72 1 68 1 69 1 70 
5 72 71 70 69 68

9 0 0 5 0 0 0 0 0 10
5 1 68 1 72 1 71 1 70 1 69 
5 72 71 70 69 68

8 0 0 2 0 0 0 9 0 7
1 1 73 
1 73

7 0 0 4 0 0 9 12 0 0
1 1 73 
1 73

8 0 0 1 0 0 0 0 6 7
1 1 73 
1 73

1 0 0 1 0 0 0 0 0 19
1 1 73 
1 73

2 0 0 2 0 0 0 6 0 19
1 1 73 
1 73

0 0 0 0 0 0 0 15 0 6
1 1 86 
1 86

0 0 0 0 0 0 7 0 20 0
4 1 75 1 76 1 77 1 78 
4 75 76 77 78

4 1 0 0 0 0 16 0 16 0
2 1 79 1 80 
2 80 79

5 2 0 0 0 0 9 0 14 8
2 1 80 1 79 
2 80 79

1 1 0 0 0 0 0 0 5 0
2 1 79 1 80 
2 80 79

1 2 0 0 0 0 0 0 20 0
2 1 80 1 79 
2 80 79

2 5 0 0 0 0 0 0 5 5
4 1 83 1 82 1 81 1 84 
4 84 83 82 81

8 2 0 0 0 0 9 0 34 8
4 1 81 1 82 1 83 1 84 
4 84 83 82 81

6 5 0 0 0 0 0 8 0 23
1 1 85 
1 85

4 3 0 0 0 0 0 9 0 17
1 1 85 
1 85

8 3 0 0 0 0 7 7 0 30
1 1 85 
1 85

10 1 0 0 0 0 0 17 0 17
1 1 85 
1 85

0 0 0 0 0 0 0 7 0 6
1 1 86 
1 86

0 0 0 0 0 0 54 0 51 5
4 1 87 1 91 1 88 1 89 
4 87 88 89 91

9 0 0 1 0 0 28 5 27 0
4 1 95 1 96 1 90 1 92 
4 96 95 92 90

1 0 0 3 0 0 31 13 31 0
2 1 90 1 92 
2 92 90

8 0 0 3 0 0 56 0 21 0
2 1 94 1 92 
2 94 92

5 0 0 3 0 0 38 13 41 7
1 1 93 
1 93

6 0 0 1 0 0 47 0 67 8
1 1 92 
1 92

7 0 0 3 0 0 38 10 29 9
1 1 97 
1 97

1 0 0 3 0 0 24 0 31 10
1 1 97 
1 97

10 0 0 3 0 0 36 0 17 6
1 1 97 
1 97

9 0 0 3 0 0 39 0 49 0
1 1 97 
1 97

10 0 0 2 0 0 32 17 66 8
1 1 97 
1 97

0 0 0 0 0 0 32 15 43 24
1 1 98 
1 98

0 0 0 0 0 0 10 12 51 5
5 1 102 1 99 1 100 1 105 1 101 
5 99 100 101 102 105

6 0 0 0 0 1 33 5 31 9
3 1 104 1 103 1 108 
3 108 104 103

3 0 0 0 0 1 26 28 24 28
3 1 108 1 104 1 103 
3 108 104 103

1 0 0 0 0 2 13 10 21 35
2 1 106 1 108 
2 108 106

1 0 0 0 0 3 42 36 17 0
2 1 107 1 106 
2 107 106

6 0 0 0 0 3 22 28 21 20
1 1 107 
1 107

1 0 0 0 0 4 17 29 24 21
1 1 106 
1 106

2 0 0 0 0 2 28 35 13 42
1 1 106 
1 106

3 0 0 0 0 4 25 48 14 34
1 1 109 
1 109

3 0 0 0 0 4 10 15 6 21
1 1 109 
1 109

9 0 0 0 0 1 37 14 0 42
1 1 109 
1 109

0 0 0 0 0 0 19 33 7 22
1 1 110 
1 110

0 0 0 0 0 0 8 55 5 28
5 1 120 1 111 1 119 1 112 1 114 
5 111 112 114 119 120

5 0 0 0 1 0 0 34 0 19
3 1 113 1 115 1 118 
3 118 115 113

7 0 0 0 3 0 0 32 7 27
3 1 118 1 116 1 117 
3 118 117 116

3 0 0 0 2 0 0 60 5 65
2 1 117 1 116 
2 117 116

9 0 0 0 4 0 10 28 0 55
2 1 116 1 117 
2 117 116

8 0 0 0 1 0 0 31 0 39
1 1 116 
1 116

10 0 0 0 2 0 0 70 0 30
1 1 121 
1 121

5 0 0 0 4 0 0 40 0 24
1 1 121 
1 121

2 0 0 0 4 0 0 20 0 61
1 1 121 
1 121

6 0 0 0 2 0 0 42 0 25
1 1 121 
1 121

10 0 0 0 2 0 0 35 0 38
1 1 121 
1 121

0 0 0 0 0 0 0 0 0 0
0 
0 

