122 5 0 
10 10 10 10 10 

0 0 0 0 0 0
1 5 1 13 25 37 49 
5 1 13 25 37 49

0 0 0 0 0 0
6 1 6 1 5 1 3 1 4 1 7 1 2 
6 2 3 4 5 6 7

1 0 0 1 0 0
2 1 8 1 9 
2 9 8

1 0 0 5 0 0
2 1 9 1 8 
2 9 8

7 0 0 4 0 0
2 1 8 1 9 
2 9 8

1 0 0 4 0 0
2 1 8 1 9 
2 9 8

5 0 0 3 0 0
2 1 9 1 8 
2 9 8

6 0 0 1 0 0
1 1 8 
1 8

3 0 0 1 0 0
2 1 10 1 11 
2 11 10

8 0 0 2 0 0
2 1 11 1 10 
2 11 10

3 0 0 2 0 0
1 1 12 
1 12

9 0 0 2 0 0
1 1 12 
1 12

0 0 0 0 0 0
1 1 61 
1 61

0 0 0 0 0 0
6 1 17 1 23 1 19 1 15 1 18 1 14 
6 14 15 17 18 19 23

6 0 0 0 0 1
2 1 21 1 22 
2 22 21

5 0 0 0 0 3
1 1 16 
1 16

9 0 0 0 0 2
1 1 20 
1 20

5 0 0 0 0 2
1 1 20 
1 20

2 0 0 0 0 5
1 1 20 
1 20

9 0 0 0 0 2
1 1 20 
1 20

1 0 0 0 0 2
1 1 24 
1 24

4 0 0 0 0 2
1 1 24 
1 24

1 0 0 0 0 4
1 1 24 
1 24

1 0 0 0 0 2
1 1 24 
1 24

0 0 0 0 0 0
1 1 61 
1 61

0 0 0 0 0 0
6 1 31 1 26 1 35 1 29 1 27 1 28 
6 26 27 28 29 31 35

10 0 0 0 1 0
3 1 32 1 33 1 34 
3 34 33 32

2 0 0 0 2 0
2 1 33 1 30 
2 33 30

8 0 0 0 2 0
2 1 32 1 33 
2 33 32

1 0 0 0 1 0
1 1 30 
1 30

1 0 0 0 4 0
1 1 32 
1 32

3 0 0 0 5 0
1 1 32 
1 32

4 0 0 0 4 0
1 1 36 
1 36

2 0 0 0 1 0
1 1 36 
1 36

8 0 0 0 3 0
1 1 36 
1 36

9 0 0 0 2 0
1 1 36 
1 36

0 0 0 0 0 0
1 1 61 
1 61

0 0 0 0 0 0
3 1 38 1 42 1 39 
3 38 39 42

4 0 0 0 1 0
3 1 40 1 41 1 47 
3 47 41 40

8 0 0 0 3 0
3 1 46 1 40 1 43 
3 46 43 40

5 0 0 0 3 0
2 1 45 1 44 
2 45 44

5 0 0 0 3 0
2 1 45 1 46 
2 46 45

10 0 0 0 1 0
1 1 43 
1 43

6 0 0 0 2 0
1 1 44 
1 44

2 0 0 0 4 0
1 1 48 
1 48

2 0 0 0 2 0
1 1 48 
1 48

3 0 0 0 2 0
1 1 48 
1 48

10 0 0 0 4 0
1 1 48 
1 48

0 0 0 0 0 0
1 1 61 
1 61

0 0 0 0 0 0
4 1 51 1 52 1 55 1 50 
4 50 51 52 55

5 1 0 0 0 0
4 1 57 1 58 1 53 1 59 
4 59 58 57 53

10 2 0 0 0 0
4 1 54 1 53 1 58 1 57 
4 58 57 54 53

2 2 0 0 0 0
3 1 58 1 59 1 56 
3 59 58 56

9 4 0 0 0 0
1 1 56 
1 56

2 2 0 0 0 0
1 1 56 
1 56

6 1 0 0 0 0
1 1 57 
1 57

1 3 0 0 0 0
1 1 60 
1 60

4 1 0 0 0 0
1 1 60 
1 60

7 4 0 0 0 0
1 1 60 
1 60

10 5 0 0 0 0
1 1 60 
1 60

0 0 0 0 0 0
1 1 61 
1 61

0 0 0 0 0 0
1 2 62 74 
2 62 74

0 0 0 0 0 0
3 1 64 1 68 1 63 
3 63 64 68

5 0 0 1 0 0
3 1 67 1 66 1 65 
3 67 66 65

6 0 0 2 0 0
3 1 66 1 67 1 65 
3 67 66 65

5 0 0 2 0 0
4 1 71 1 72 1 70 1 69 
4 72 71 70 69

3 0 0 3 0 0
2 1 71 1 69 
2 71 69

9 0 0 5 0 0
2 1 70 1 69 
2 70 69

1 0 0 3 0 0
2 1 70 1 69 
2 70 69

4 0 0 4 0 0
1 1 73 
1 73

5 0 0 2 0 0
1 1 73 
1 73

3 0 0 1 0 0
1 1 73 
1 73

10 0 0 2 0 0
1 1 73 
1 73

0 0 0 0 0 0
1 1 86 
1 86

0 0 0 0 0 0
6 1 83 1 84 1 79 1 75 1 82 1 77 
6 75 77 79 82 83 84

6 0 0 0 0 1
1 1 76 
1 76

3 0 0 0 0 3
2 1 80 1 81 
2 81 80

7 0 0 0 0 2
1 1 78 
1 78

9 0 0 0 0 1
1 1 80 
1 80

6 0 0 0 0 5
1 1 80 
1 80

4 0 0 0 0 1
1 1 85 
1 85

10 0 0 0 0 3
1 1 85 
1 85

7 0 0 0 0 1
1 1 85 
1 85

2 0 0 0 0 3
1 1 85 
1 85

8 0 0 0 0 5
1 1 85 
1 85

0 0 0 0 0 0
1 1 86 
1 86

0 0 0 0 0 0
5 1 87 1 90 1 91 1 88 1 89 
5 87 88 89 90 91

1 0 0 0 1 0
4 1 95 1 96 1 94 1 92 
4 96 95 94 92

10 0 0 0 3 0
3 1 93 1 96 1 94 
3 96 94 93

1 0 0 0 3 0
3 1 94 1 93 1 95 
3 95 94 93

4 0 0 0 3 0
2 1 95 1 92 
2 95 92

2 0 0 0 3 0
2 1 94 1 92 
2 94 92

10 0 0 0 1 0
1 1 93 
1 93

3 0 0 0 4 0
1 1 97 
1 97

10 0 0 0 2 0
1 1 97 
1 97

7 0 0 0 3 0
1 1 97 
1 97

4 0 0 0 2 0
1 1 97 
1 97

0 0 0 0 0 0
1 1 98 
1 98

0 0 0 0 0 0
7 1 102 1 107 1 108 1 99 1 105 1 106 1 101 
7 99 101 102 105 106 107 108

3 0 0 0 1 0
1 1 100 
1 100

7 0 0 0 2 0
2 1 104 1 103 
2 104 103

9 0 0 0 4 0
1 1 103 
1 103

8 0 0 0 2 0
1 1 103 
1 103

8 0 0 0 2 0
1 1 109 
1 109

1 0 0 0 3 0
1 1 109 
1 109

7 0 0 0 3 0
1 1 109 
1 109

6 0 0 0 3 0
1 1 109 
1 109

10 0 0 0 2 0
1 1 109 
1 109

2 0 0 0 3 0
1 1 109 
1 109

0 0 0 0 0 0
1 1 110 
1 110

0 0 0 0 0 0
3 1 111 1 112 1 113 
3 111 112 113

10 0 0 0 0 1
4 1 119 1 120 1 117 1 114 
4 120 119 117 114

3 0 0 0 0 3
3 1 118 1 119 1 114 
3 119 118 114

6 0 0 0 0 3
3 1 118 1 115 1 116 
3 118 116 115

9 0 0 0 0 2
1 1 116 
1 116

5 0 0 0 0 2
1 1 117 
1 117

8 0 0 0 0 3
1 1 121 
1 121

8 0 0 0 0 3
1 1 121 
1 121

7 0 0 0 0 3
1 1 121 
1 121

8 0 0 0 0 3
1 1 121 
1 121

2 0 0 0 0 2
1 1 121 
1 121

0 0 0 0 0 0
0 
0 

